00222222000000000022
20222222022222222222
20000000022222222222
22222222022222222222
22000002022222222222
22022222022222222222
22000000000000000222
22222222222222220222
22222222222222220222
22222222222222220222
22222222222222220222
22222222222222220222
22222222222222220222
22222222222222222222
22222222222222222222
22222222222222222222
22222222222222222222
22222222222222222222
22222222222222222222
22222222222222222222


/*/


00000000002000000002
22222222202022222202
22222222202020000202
22222222202020220202
20000000002020220202
20222222202020220202
20222222202022220202
20222222202000000202
20000000002222222202
22222222200000000002
22222222202222222222
22222222202222222222
22222222202222222222
22222222200000000222
22222222222222222222
22222222222222222222
22222222222222222222
22222222222222222222
22222222222222222222
22222222222222222222
22222222222222222222
